url,name,address,city,state,phone
https://www.criswellcpa.com/,Results,"1310 W Oak Ave, Duncan, OK 73533",Duncan,OK,(580) 252-6394
http://www.cornwellcpas.com/,Results,"1310 W Oak Ave #100, Duncan, OK 73533",Duncan,OK,(580) 786-4187
https://splinternetmarketing.com/local-pros/oklahoma/duncan/hawkins-brett-cpa/,Results,"1425 W Main St, Duncan, OK 73533",Duncan,OK,(580) 252-2800
http://www.cwcfirm.com/,Results,"1310 W Oak Ave #900, Duncan, OK 73533",Duncan,OK,(580) 252-6394
https://cpa580.com/,Results,"1026 W Main St, Duncan, OK 73533",Duncan,OK,(580) 255-2190
https://www.cwtaxservice.com/,Results,"701 W Main St #12, Duncan, OK 73533",Duncan,OK,(580) 252-7008
https://splinternetmarketing.com/local-pros/oklahoma/duncan/sooner-tax-service/,Results,"1313 W Ash Ave, Duncan, OK 73533",Duncan,OK,(580) 255-4763
https://www.hrblock.com/tax-office-near-me/oklahoma/duncan/35830/?otppartnerid=9308&campaignid=pw_mcm_9308_9762&utm_medium=local,Results,"2239 N Hwy 81 Ste 145, Duncan, OK 73533",Duncan,OK,(580) 255-8269
https://office.jacksonhewitt.com/tax-preparation-services-locations/en/ok/duncan/1845-n-hwy-81/51116?utm_source=google&utm_medium=local&utm_campaign=local&utm_content=51116,Results,"1845 N Hwy 81, Duncan, OK 73533",Duncan,OK,(580) 645-3401
http://www.dow-tax.com/,Results,"808 S Main St #314, Stillwater, OK 74074",Stillwater,OK,(405) 372-7744
http://mcpheetax.ca/,Results,"225 Canada Ave #207, Duncan, BC V9L 1T6, Canada",BC V9L 1T6,Canada,+1 250-746-0642
http://www.bocokonline.com/,Results,"1601 W Commerce, Duncan, OK 73533",Duncan,OK,(580) 252-8070
http://www.linkedin.com/in/bryan-alston-cpa,Results,,Duncan,OK,(580) 560-9674
https://bell-finance.com/location/money-tree-loans-duncan/,Results,"1683 Morris Dr, Duncan, OK 73533",Duncan,OK,(580) 255-0159
https://www.securityfinance.com/locations/duncan-ok-0587?utm_source=googlebusiness&utm_medium=organic&utm_campaign=locallistings,Results,"1675 W Morris Ln, Duncan, OK 73533",Duncan,OK,(580) 255-0740
https://westernshamrock.com/locations/oklahoma/western-shamrock-finance-duncan-ok?utm_source=google&utm_medium=organic&utm_campaign=gbp+western+shamrock+finance+duncan+ok+location,Results,"51 N Hwy 81, Duncan, OK 73533",Duncan,OK,(580) 252-1821
http://www.mccorm.com/,Results,"1105 W Main St, Duncan, OK 73533",Duncan,OK,(580) 255-1136
https://www.heartlandloansok.com/,Results,"11 N 10th St Ste 100, Duncan, OK 73533",Duncan,OK,(580) 470-9944
https://www.kellpro.com/,Results,"1729 W Plato Rd, Duncan, OK 73533",Duncan,OK,(888) 535-5776
https://oktaxrolls.com/county/Stephens,Results,"101 S 11th St #207, Duncan, OK 73533",Duncan,OK,(580) 255-0728
http://www.sut-tech.com/,Results,"101 N 14th St, Duncan, OK 73533",Duncan,OK,(580) 786-4390
https://deximal.ca/,Results,"80 Station St Unit 218, Duncan, BC V9L 1M4, Canada",BC V9L 1M4,Canada,+1 250-748-2006
https://www.actdatascout.com/RealProperty/Oklahoma/Stephens,Results,"101 S 11th St #210, Duncan, OK 73533",Duncan,OK,(580) 255-1542
https://www.leachsullivan.com/?npcmp=dir:local:2354156:73534,Results,"Sullivan building, 921 W Main St, Duncan, OK 73533",Duncan,OK,(580) 255-1111
https://www.ameripriseadvisors.com/Don.Graham/?cid=IP_local_google,Results,"815 W Main St, Duncan, OK 73533",Duncan,OK,(580) 255-2000
http://www.bakerexpresspharmacy.com/,Results,"3344 US-81, Duncan, OK 73533",Duncan,OK,(580) 255-3784
http://www.abbookkeepingllc.com/,Results,,Duncan,OK,(580) 721-9911
https://proadvisor.intuit.com/app/accountant/search?searchId=samantha-womack,Results,,Duncan,OK,(580) 736-4344
https://accountingnook.com/,Results,"2448 E 81st St Suite 2400, Tulsa, OK 74137",Tulsa,OK,(918) 491-6063
https://office.jacksonhewitt.com/tax-preparation-services-locations/en/ok/duncan/304-n-17th-1st/13683?utm_source=google&utm_medium=local&utm_campaign=local&utm_content=13683,Results,"304 N 17th St #1st, Duncan, OK 73533",Duncan,OK,(580) 247-2311
http://duncanoklaw.com/,Results,"975 W Willow Ave, Duncan, OK 73533",Duncan,OK,(580) 252-3240
